%YAML:1.0
---
intrinsic: !!opencv-matrix
   rows: 3
   cols: 3
   dt: d
   data: [ 9.0562419846218449e+02, 0., 4.5187901739720991e+02, 0.,
       8.9590492630322422e+02, 3.6771274530940860e+02, 0., 0., 1. ]
distortion: !!opencv-matrix
   rows: 1
   cols: 5
   dt: d
   data: [ 4.8903668992440863e-02, -6.3423212246197447e-01,
       5.0274898473726629e-03, -7.4599134479417838e-03,
       1.4664135858649854e+00 ]
