%YAML:1.0
---
intrinsic: !!opencv-matrix
   rows: 3
   cols: 3
   dt: d
   data: [ 8.0153726492293629e+02, 0., 3.0885887985575522e+02, 0.,
       8.3278475585928709e+02, 7.9396899178302220e+01, 0., 0., 1. ]
distortion: !!opencv-matrix
   rows: 1
   cols: 5
   dt: d
   data: [ 1.3585232316617146e-01, -2.5667154948956189e-01,
       -8.4735776708785057e-02, -1.9552238683486836e-03,
       4.6110703107326734e-01 ]
