%YAML:1.0
---
intrinsic: !!opencv-matrix
   rows: 3
   cols: 3
   dt: d
   data: [ 8.2513018343137514e+02, 0., 3.3448721652001450e+02, 0.,
       8.2113018365426944e+02, 2.2280169638474939e+02, 0., 0., 1. ]
distortion: !!opencv-matrix
   rows: 1
   cols: 5
   dt: d
   data: [ -1.2188796471376400e-02, 1.4930780782911641e+00,
       -9.9665473106164380e-03, -5.0639413999892351e-03,
       -6.3267073543836041e+00 ]
